Acoustic/Folk_0,Alt_Music_1,Blues_2,Bollywood_3,Country_4,HipHop_5,Indie Alt_6,Instrumental_7,Metal_8,Pop_9,Rock_10
0.0024166183009138994,0.03937232812732585,0.01986839453847825,0.0016176652286301067,0.0015890106435422356,0.010918198345296306,0.06648429841666195,0.002404897905696859,0.046503994120133105,0.05366218038578134,0.7551624139875401
0.0017355425671163691,0.049658834190799285,0.013359870043666391,0.0011625753536765855,0.00113761610906364,0.008368052504008605,0.06484135641339803,0.0017260194826371744,0.6113970681854783,0.026286156189491715,0.22032690896066381
0.0029654237359780706,0.06403276089894021,0.014149413359682303,0.0019886978248625196,0.001947878801231605,0.07473276337502244,0.061284303472301224,0.002947736856361031,0.021425187481613966,0.5258871680167083,0.22863866617729833
0.001887406681306163,0.04368528751541345,0.008709473685282217,0.0012657488089156883,0.0012397686776478808,0.0136855788733316,0.04063105076157481,0.0018761494925423293,0.015114153941129596,0.7534185093823824,0.11848687218047398
0.10904595064358454,0.02082970929761977,0.021426208234846783,0.014496452592435007,0.07103804262967545,0.01630531415615669,0.028340846123026175,0.005870719889215022,0.10685760012991691,0.18136124409240317,0.42442791221112036
0.0027037813765841624,0.24948578240395144,0.025744779579724417,0.001810654476800306,0.0017758014980958727,0.027071800032026052,0.2851557393165708,0.0026918660640505064,0.23631806070191835,0.05223837061178479,0.11500336393849325
0.006668294192388536,0.150458195892742,0.036782735936423644,0.004463758308792562,0.004384788994735899,0.05397088261393228,0.2430693962513859,0.006636185801031557,0.0361082292216976,0.14111530065971822,0.31634223212715173
0.0021885722831610924,0.04970583178300498,0.03356769155096511,0.0014637291448277693,0.001436066373713538,0.012979610894304803,0.06678653140743863,0.002178835654349041,0.33606073047731533,0.029796322364770127,0.46383607806614957
0.003763478508212083,0.13294876472843647,0.031158638946998784,0.002517439852218843,0.0024716441007351445,0.023766604046930095,0.15494123939210153,0.0037453372818957204,0.07270005044672768,0.08878089389540551,0.48320590880033826
0.00519796133373987,0.05301133870419642,0.24777171579600057,0.0034795170133237424,0.0034179601249838387,0.026624517307735834,0.20882004371464688,0.00517293271743307,0.028348290696580587,0.06532317786980557,0.35283254472155356
0.003557994022732457,0.11901593179989944,0.0207688377831699,0.002377478994311337,0.002334514088620928,0.030263907222344722,0.26586900392548163,0.0035368956635105646,0.08697165736121847,0.07040002956444859,0.39490374957426216
0.004262503331627267,0.13904482037263066,0.12408221767747071,0.002853321121393406,0.0028028424000665843,0.020098548756024206,0.1941935118234964,0.004241979023433347,0.022595966257047566,0.0732814622316711,0.4125428270051388
0.00307655754687613,0.07203063973682107,0.01466253395714455,0.0020577758609001094,0.002020721117337643,0.01546392358712405,0.10721483662105392,0.0030612680170259946,0.24470347323748576,0.03572357694947302,0.4999846933687577
0.001082822294062748,0.013993250086269593,0.009690610445149185,0.0007240963402346128,0.0007092591493088411,0.8319561042674484,0.058184189386854,0.0010771153990978353,0.006028732063134714,0.045864249581101336,0.03068957098733864
0.0026872820069798937,0.1224655682159707,0.013844313150389172,0.0017988531594531755,0.0017665423041583741,0.015160959181933003,0.21627411889767809,0.0026736890468925614,0.1367807181682439,0.05289398594634149,0.43365396992195976
0.0036659536728432442,0.056915500193520575,0.026021055869840888,0.00244907965562305,0.0024053096095234725,0.06368111604725094,0.10912536884959091,0.0036475133993519506,0.2083816267133035,0.06440275922553934,0.4593047167636122
0.004449985792359376,0.057684707494837284,0.06174719505841553,0.0029788141733268717,0.002926101139940659,0.033150526221802805,0.1559035984722435,0.004428525719383227,0.048080146827651056,0.13070421267024526,0.4979461864297944
0.0016283444486566473,0.04755255656205822,0.012801404133845862,0.001088971564321739,0.0010682320052112573,0.013199342781634999,0.053782742582102354,0.00161989196384273,0.5688380946042004,0.023029721380568535,0.2753906979735573
0.0034690055361370473,0.10140108534873805,0.04329433214654486,0.002320288865729134,0.002278546394283182,0.015594738873084185,0.14263416739770593,0.0034518574296482254,0.1941932037512749,0.03260363775301944,0.45875913650383515
0.02032353520324703,0.011691466585486024,0.009750958738586673,0.0840659435813844,0.031046916950934877,0.04451822299822953,0.018990606041613716,0.004288523992745001,0.011216847094484264,0.6787708982535802,0.0853360805597083
0.19194548904287306,0.02886496171312182,0.08889346607842176,0.04670208599552491,0.1268376571139693,0.028132247564202642,0.046651320697927955,0.009649707552192865,0.025987364631270417,0.2467761522759311,0.159559547334564
0.0037499540262015503,0.10057082265263698,0.017103981540213167,0.0025102204490548338,0.0024658115959584645,0.019870758027928127,0.13538268023278785,0.003731897685558783,0.04493563114909829,0.04914234553880619,0.6205358971017557
0.0018041421921333926,0.021602933888039796,0.6184923607031091,0.0012076785525521304,0.0011862862847142372,0.03827772566474534,0.05100149366355465,0.0017953922544574493,0.018772894886422403,0.1198767868428999,0.12598230506737168
0.0036997445439677203,0.1093578123989727,0.07417703061843278,0.002477758103439624,0.0024302323784407744,0.03388509485489119,0.5496294405086682,0.00368392234490372,0.01847720962807879,0.08873616495545426,0.11344558966475014
0.004227815055612308,0.2446001414521397,0.0219512191466127,0.0028303903553833,0.0027770447568578097,0.03326383597679269,0.3821995739748138,0.004202840102971012,0.02338336892466634,0.11372384300084466,0.16683992725330585
0.002724208337384253,0.05057191023028307,0.03197371023847214,0.001823567335750296,0.0017913076592119806,0.01550816295443853,0.08684655009024747,0.0027110428750872742,0.5130674531982647,0.022069467808230527,0.27091261927262955
0.0033477557666078688,0.1347788323828668,0.22401056932909447,0.002242050134913803,0.0021988808552924743,0.021536493228189544,0.2298645281639913,0.003331162669688061,0.03361908572162219,0.052691560073763875,0.29237908167396975
0.017627619683052473,0.003999478213963937,0.005459126761008424,0.8926318110088125,0.004000896816725119,0.004538548412079184,0.0071833345508392505,0.0017865269754335884,0.0036735850983721017,0.02586358932628502,0.033235483153428155
0.002649558925829339,0.06970936685864974,0.015353026051955232,0.0017738699529868457,0.001738972619737188,0.013994470051453097,0.054315846618138534,0.0026344363987739045,0.31065885378021296,0.10253939263661446,0.4246322061056488
0.0028972705063966975,0.0920438669365993,0.024022915966841706,0.0019376951688124691,0.001900960999965019,0.015186487861927578,0.08027496280856836,0.0028841853552633904,0.3975290567462879,0.027192457921681186,0.35413013972765656
0.003360083028383086,0.07659747771232686,0.022698445660552076,0.002249240675868484,0.002209448872407305,0.016546774214491647,0.12587478154331463,0.0033439039490331664,0.03681934474454921,0.04515211143436523,0.6651483881647084
0.0008798772976430587,0.01741701565137537,0.006791955901011778,0.0005893970449822967,0.0005767433232486148,0.004411491124714186,0.0218828175999944,0.0008750493285712883,0.8458876692821456,0.009757893890838684,0.09093008955547469
0.004328956884808322,0.043474117362532816,0.26658762295814104,0.002897769592386625,0.002846439821627811,0.05204640658918698,0.14642130670347495,0.004307961808528261,0.026088626992731834,0.2249564076914095,0.22604438359517198
0.09493554843829478,0.014142235880863965,0.04922184238333774,0.027019214983165448,0.012073966998510838,0.03739952918858451,0.024729781526777912,0.005947676753506707,0.017864753715927887,0.5560414646703137,0.1606239854607164
0.0022463740663776688,0.03193233265543995,0.010277634546341828,0.0015064825864285452,0.0014755612732324408,0.028704378884191927,0.0596932410496337,0.0022329758638864653,0.011279166266882905,0.7428542938469092,0.10779755896067546
0.0034959225242375148,0.06503133188442732,0.23211360247938773,0.0023401716787289327,0.002298771195221563,0.019077679411166715,0.13881296060561585,0.003479089366412832,0.03554284390257574,0.12308312578819508,0.37472450116403067
0.0011652061600913928,0.02617927120960882,0.00884016388819043,0.000780528227507057,0.0007637711244977351,0.005656352659398112,0.045117395023995435,0.00115881256485007,0.7139013959505526,0.012591430298513695,0.18384567289279466
0.003449590876540957,0.13860316674786372,0.07542223021129354,0.0023073031215371854,0.002265794266286242,0.018593472981300915,0.14076925936595003,0.003432538741259653,0.13060936043954083,0.04109763108976337,0.44344965215866355
0.004064763824512736,0.051971340241631976,0.16296878811163323,0.0027209542307924267,0.002672817240767227,0.047402117473822496,0.1475753065350503,0.004045191648498049,0.020503181472023343,0.30710097701482253,0.2489745622064457
0.0031610924678257372,0.06357029150420064,0.20258743587963857,0.002116015124446955,0.0020785826348576784,0.015367088216545272,0.1089399982340908,0.003145817310349696,0.10465323173484037,0.05739290352220426,0.43698754337100004
0.00431937598649881,0.10589440959020728,0.14557507642182066,0.0028913916951265974,0.0028402394590425965,0.09209690895091588,0.24156950811854236,0.00429857783173972,0.022976733581006985,0.2015369139481914,0.1760008644169074
0.0012206385901268378,0.023274893685976836,0.7724268146106567,0.0008174686157883565,0.0008017027544975337,0.016617850606842982,0.08606324434925267,0.0011854186690493484,0.009056274153125618,0.020416836852408093,0.06811885711227512
0.003622333552349556,0.06631249406190697,0.03104918689575958,0.0024247669628707216,0.0023818726266982416,0.020480557383279915,0.11195085754998224,0.0036048295672538766,0.26782921616421346,0.046436512407209994,0.4439073728284754
0.0036824114020924037,0.10381844183869318,0.03264411822496038,0.0024630271766221856,0.0024187151163831706,0.017107869063031807,0.19081430123670798,0.0036642044092836156,0.11344261950175825,0.0324484815397011,0.497495810490766
0.005131811363626501,0.1270823329669908,0.028663375868218873,0.0034352362017397286,0.0033744626948185217,0.028517802624175578,0.15804291127491002,0.005107101264929658,0.03447002852911339,0.254003454151573,0.35217148305990387
0.003509390986020944,0.1372661065426714,0.02978416618871333,0.0023473002954126783,0.002305070265197571,0.016563546439018154,0.15134458897928874,0.003492039460222006,0.12203192697977362,0.033536286353122446,0.497819577510559
0.004686686585085162,0.11549217262133639,0.03960079357172959,0.0031372695297036757,0.0030817674156480017,0.02611666823363154,0.14898767312377217,0.004664119799232615,0.027083294875042945,0.19523048658513373,0.4319190676596843
0.005455230434207454,0.18816544280627875,0.03052769674913319,0.0036517330331446106,0.0035871294339359676,0.028152691176162106,0.17938215709681113,0.005428963045776397,0.02953959517868652,0.1217961235744262,0.4043132374714376
0.003553519084347503,0.09668517446495829,0.017697287354658617,0.0023787029971515314,0.002336623536495442,0.01704388675539088,0.13842981269248006,0.0035363476272768845,0.08980205279911894,0.04660488476098924,0.5819317079271326
0.0031593917515148106,0.09586548875752929,0.016123962025551622,0.0021131989057918085,0.002075180568804197,0.014140739939376623,0.12737484083947642,0.0031437707313139475,0.22866291448303155,0.028334909780257538,0.479005602217352
0.0018863701604353643,0.0575995661329987,0.01062256178365172,0.001263609143322185,0.001236480811723211,0.00889721547359844,0.054048951675204356,0.001876019470837066,0.4774706873067149,0.026674108050439932,0.35842442999107416
0.0015128797991549924,0.02633008936504402,0.008891143526579772,0.0010113218185010793,0.000992591038821287,0.016501127036556932,0.05282513922680875,0.0015054947706236257,0.7892103912547052,0.01740062034496069,0.08381920181824352
0.0031418644151024956,0.0948153842024148,0.02420077778422549,0.002101330397182541,0.0020616799673554734,0.015191603189412402,0.16266007651547346,0.0031280321738299645,0.24916267208970883,0.026519559322073904,0.4170170199432208
0.002194303061902481,0.03623099450565449,0.08791774738159032,0.0014667790663151004,0.0014379761936263002,0.5128249103190532,0.16608636156850107,0.002181200880440909,0.013156049587626693,0.056988510651666706,0.1195151667836227
0.002260930258217281,0.0840163844399295,0.012327388963588058,0.0015136857438658503,0.0014839092717701962,0.011899642105835563,0.2571777992076116,0.002248031138420277,0.11406650792611954,0.08657332842745187,0.42643239251719034
0.001234602655518974,0.01268100044376565,0.01108222758903675,0.0008255937002839536,0.0008086767644045939,0.851084646948033,0.05054188009473047,0.001228095818970555,0.009807495687141201,0.024885552207148737,0.03582022809096595
0.004183377769810908,0.06516855036064594,0.051964092596452446,0.002800354444488418,0.0027508127681030326,0.027800787496773765,0.16459606300867602,0.004062102598871281,0.028736162434755977,0.36363017046054447,0.28430752606087795
0.0030717640691624963,0.11929667674999167,0.08090012248196704,0.0020545888133004647,0.0020176263401622675,0.014416944691191867,0.15441421380087886,0.0030565796202425325,0.03405439349281768,0.04144483721410757,0.5452722527261776
0.0031480164243846724,0.09309885842824242,0.017782793883499532,0.002105591179530372,0.0020677111633881666,0.01437517085567081,0.11678470711054022,0.0031324550422215203,0.1047647488311319,0.036960616155713166,0.6057793309256773
0.0017395438158600855,0.08127780269795462,0.01119224025900413,0.0011648941685032115,0.0011424859516120283,0.1436676641628975,0.22927960816007767,0.0017316913004245922,0.009932541115183796,0.4560745276799182,0.06279700068856414
0.004722512635432424,0.13303897299129963,0.03644314355019065,0.0031612514994990917,0.003105325115226829,0.023536640868861893,0.1572311597195022,0.004699773344166628,0.047331004383483234,0.07004738460838422,0.5166828312839531
0.0025881904964856427,0.26229938885865417,0.06134980989231387,0.0017347751400436416,0.0016996698212465777,0.026203680191729858,0.4968609668878985,0.0025764826808315744,0.016269950402227874,0.05101486122415031,0.07740222440441806
0.003550683315446597,0.08757716683474163,0.015245996521157887,0.002381189608936382,0.00233231449392308,0.023550557349407746,0.07465544359700167,0.0035295057320892517,0.05289994204635085,0.23381536299683314,0.5004618375041117
0.0039130808857357246,0.06579365696300417,0.2574113327202304,0.002619417622068595,0.002573076938157632,0.09398932291866682,0.19969115291947812,0.003894239075691692,0.018840989067076933,0.20884968354317268,0.1424240473467172
0.0035798799383325326,0.04131746956903915,0.014563072470318569,0.0023916058993298118,0.002350667029901624,0.192939681873803,0.10184087212897804,0.003560555989982642,0.020969769657037864,0.511098641679236,0.10538778376404068
0.004471760533218212,0.09830320578200401,0.15221780371749705,0.002993390153951841,0.0029404191843169693,0.08135957898072063,0.2924517425442962,0.00445019545147357,0.024240650689373873,0.12422058431013394,0.21235066865301377
0.02992831135930846,0.013866818149612364,0.014632574418287497,0.01326964074215262,0.16283198986125128,0.02976220131408978,0.023100473230722365,0.004712586180247474,0.01232600276758174,0.5599536636942306,0.13561573828251589
0.0029186846338800695,0.060229186919584635,0.012724674588014493,0.0019521996687580654,0.0019170791972799044,0.0308369091549358,0.07482130805869944,0.002904256892445904,0.21657595205863583,0.12366151710173642,0.47145823172602935
0.0017482280799341896,0.01895296670700259,0.006892381854991832,0.001169711142368047,0.0011437066654214642,0.48068314210980007,0.04634800662443547,0.0017383256263240347,0.00873641642279956,0.39002143165219944,0.04256568311472343
0.0035466736295890994,0.07938930695624175,0.02619498523533748,0.002374138293682772,0.002332125592031559,0.025293822095477453,0.11206757207996465,0.003529569782865757,0.03425960273370281,0.04653455255773567,0.6644776510433712
0.00520446512872766,0.0956666800472075,0.22021632150904596,0.003483870655811287,0.0034222367462401456,0.02497588608806194,0.20917949252593798,0.00517940519610686,0.02672508163596463,0.21424930260641725,0.19169725786047886
0.0021044866783316075,0.04746629106009979,0.016185941995789634,0.0014076123810133785,0.0013822881762247862,0.011366203780609839,0.06797196447473224,0.002094081438494255,0.58728586892102,0.017776317759594654,0.24495894333408988
0.0032055050907558646,0.13962457563526018,0.2230036350626912,0.0021455923742790253,0.002107394960100826,0.021955012947510733,0.2131476872605536,0.0031893508022914456,0.04498439059675364,0.055507569654307524,0.29112928561549584
0.003207585564395492,0.37068739037298254,0.0631468229350846,0.0021480724500904055,0.0021067433343385246,0.015184449978947977,0.32325102474689377,0.0031935542103698456,0.024415115856929043,0.054748449896815266,0.13791079065315232
0.013614166880605067,0.010563920713722752,0.008765117713896386,0.012727665856282589,0.32773798191301906,0.044045400888876186,0.017383718012441415,0.0041545485273499876,0.010866427623288459,0.4820115287831209,0.0681295230873971
0.003781297082639406,0.07712267136579033,0.05164123498427702,0.0025289522250173365,0.0024811579819316648,0.1013111657996847,0.14411171553433616,0.0037644746608235836,0.2686407570086249,0.17657210242468996,0.16804447093218494
0.0014767704326600127,0.018098617910085376,0.10336032689621732,0.0009872043721971557,0.0009676878523427592,0.7054287780753605,0.060720984709519206,0.0014678418216362565,0.010428730990746975,0.038375407314054664,0.05868764962517964
0.0028974424847605282,0.16559835825012095,0.10435173550236847,0.001940467515180968,0.001903233536523482,0.015170865574878574,0.4237876672898327,0.0028851350225042724,0.01694884249219284,0.07372475949725302,0.1907914928343843
0.0017246335504619804,0.01806538758396474,0.01764517839182774,0.001155930833662112,0.001132460549517238,0.007889388657174909,0.48492576647618635,0.001716665764187196,0.060424940221087374,0.021068610280816885,0.38425103769111335
0.001915805443970366,0.030062321998847452,0.18502480936990348,0.0012840951987641838,0.0012581038455603925,0.009912195778786373,0.6277642831535394,0.001862351134779061,0.018235194534619126,0.02553199569879259,0.0971488438424376
0.004817076475209256,0.07969143287874354,0.11395080018275144,0.003224552564709588,0.003167506307596342,0.033130616177357075,0.18845475196505024,0.004677430522798249,0.02421476709077378,0.39120731510638246,0.15346375072862808
0.0027161029144747756,0.1612699563459088,0.051212821465780226,0.0018189866210441266,0.003000816997653012,0.01662296819659264,0.4266229329323182,0.0027044181129947586,0.014710086646002648,0.14064762109355744,0.17867328867367352
0.0036654140069985867,0.16241662429663994,0.05487883464232341,0.002454784969393634,0.0024077337004787883,0.01752728264176239,0.278544788320049,0.003649817218492668,0.07811114438148267,0.034041593968603165,0.3623019818537758
0.003749255129745969,0.09018982350081946,0.364080477075845,0.002509746062354131,0.002465333648461245,0.03474731812209841,0.14108335570238179,0.0037311743329873147,0.026066020350527474,0.11546670742757383,0.2159107886472053
0.004027654898325681,0.10907199161672548,0.024081694976413277,0.0026961064722952313,0.0026483962284809433,0.01825010107058457,0.14730046648991088,0.0040082315176512475,0.08627416396607415,0.032889825704395435,0.5687513670591432
0.0059465329530763965,0.10650989020718094,0.10431006372948913,0.00398061109962752,0.003910189247385939,0.03289056364253276,0.19703920399520775,0.0059178999021392495,0.02826366183908831,0.24207172723077763,0.26915965615349435
0.0033971189983657965,0.08417336618125011,0.2911656326495199,0.0022740325662627646,0.0022338021641044414,0.021647404828547285,0.1371076771686065,0.0033807615877389143,0.017076840226311136,0.23129236199538467,0.20625100163390855
0.661800522165902,0.019421150375105996,0.020536617462010253,0.014312778717075762,0.0020678543191379006,0.015423969688255629,0.028763360411613943,0.009318601444606688,0.01762909887747014,0.1236581467177014,0.08706789982112026
0.0028422285976844046,0.05455020356814483,0.5470150054850985,0.0019025837891784262,0.0018689157061885363,0.023756714315136963,0.08737227719966868,0.00282852193973823,0.019551853166049973,0.044271681449660774,0.21404001478345064
0.006720664855345206,0.1053908987521151,0.14079278096510842,0.004498815247668571,0.004419225733721043,0.04404217665305548,0.2129894516153803,0.006688004995380019,0.033554189076067845,0.21331280186650342,0.2275909902396546
0.001816896855464017,0.05089801786899057,0.012874215243093208,0.0012170715627243536,0.0011909423430144822,0.008827288614459524,0.06936160247608414,0.0018069273723914626,0.5631649590711544,0.02128174040795185,0.26756033818467195
0.0017018119108034818,0.061053126167312156,0.6230803827927773,0.001139713129102449,0.001117837210103639,0.025644097152982513,0.15142928461903432,0.0016947644537686588,0.011245079228624244,0.030836415642372023,0.09105748769311936
0.004566212447162573,0.11384388642419863,0.09987527825636072,0.003050578522293322,0.0029949458909977866,0.16873294107140024,0.2179321091361513,0.004540728001617192,0.0228528779943391,0.1877887330522933,0.17382170920318596
0.003926926030711425,0.09932434776067578,0.0760735797428187,0.0026286855666341276,0.002582180921510566,0.040632686014660385,0.19391745091217152,0.00390801755514238,0.02075166381128548,0.271268927668038,0.2849855340163517
0.005535287556659406,0.1115865516752033,0.14535030936678153,0.0037053232970431092,0.0036397716208806034,0.02489148205214105,0.3839510804800954,0.005341671730411595,0.04665321487798601,0.0773094701958041,0.19203583714699377
0.002165451436423138,0.06145968895368213,0.1141136909717076,0.0014497773836874338,0.0014212843038952955,0.011623134619391368,0.09280696321556507,0.0021531581697667407,0.4395623804349081,0.018071247160525356,0.2551732233504478
0.00464325473856445,0.07270089097343495,0.02038105035134826,0.003108196237467361,0.0030532084653151787,0.030675719520647796,0.18926433088940728,0.004620897080666551,0.029251086649235203,0.13192814146581125,0.5103732236281017
0.004138685702508525,0.05797723120242261,0.09295887487347676,0.00277043756004954,0.002721425149739828,0.05811506239738316,0.24821310210489667,0.004118757586500783,0.02080459192705798,0.36687322050139,0.14130861099457426
0.00439011074052557,0.11018191418993599,0.022929377584723798,0.0029387415625586233,0.0028867516497248723,0.029808213147633062,0.15712583860712137,0.004368971992040512,0.059423355146592444,0.10906471960433908,0.4968820057748045
0.003513185486540214,0.1655975674347952,0.12834389697403867,0.002351495145207675,0.00230950595577585,0.04109527934226793,0.3408866034904385,0.0034952566842919373,0.018441438200972566,0.15671891529566503,0.13724685599000638
0.003880973362083593,0.12075775807370942,0.1284286046285203,0.0025990302647460723,0.0025490246782725774,0.017459358030073452,0.3225591277901946,0.003863996321217729,0.04178812408269063,0.04144810630540261,0.31466589646308907
0.003993012746329274,0.0475767277691652,0.03274979336967685,0.0026692606651384115,0.002619885029394369,0.07104005781958572,0.15917633570882367,0.0039736603578383834,0.14635541426648854,0.049890567444795995,0.4799552848227634
0.0044406544328889136,0.052567637158148085,0.08240776921205327,0.0029725755267231706,0.002919987049908787,0.02066923250327396,0.4351248445888827,0.004341488159510455,0.032600644717821904,0.09349149776097437,0.2684636688898145
0.0028457923120339384,0.06809195059935692,0.02771135059323658,0.0019049509263996069,0.001871207493306864,0.01559507632197489,0.06633501877117752,0.0028319904590106268,0.2930769582425149,0.03526217074488887,0.48447353353609923
0.004449047654671012,0.10941565170400795,0.03792670062714481,0.0029781939521234995,0.0029255060785297092,0.14297083051626097,0.14445193386162572,0.0044276251200406295,0.03170308977575353,0.26117561202717926,0.2575758086826629
0.0052551768391282125,0.14265370326349247,0.0914359141887574,0.0035178170913047796,0.00345558262799839,0.029302244808744816,0.19046385600524873,0.005229872725402478,0.02714995187646783,0.25277248419512915,0.24876339637832565
0.003780748317279048,0.11694039941115636,0.027865020431747593,0.0025308341575527972,0.002486060622879237,0.021633751109832428,0.14291343309354324,0.003762543699562572,0.029626711787931703,0.082489233898429,0.565971263470086
0.0011413489770110633,0.02335763481705122,0.006643412117087661,0.0007627110126624794,0.000747651137105496,0.8281442821338286,0.04510829853701867,0.0011354193368024817,0.007284684527205498,0.060919978212634125,0.024754579191592775
0.0031056116214462676,0.11017866471876164,0.02353159248112241,0.0020772273894517734,0.002039856212192677,0.014230794386153501,0.10487483303812885,0.00309025650701597,0.3158184875733622,0.02900858337692671,0.39204409269543794
0.0025432862835585678,0.05609784906031671,0.1474810564626022,0.0017032010802912356,0.001670431331490108,0.021967955202489182,0.47776030650681,0.0025321608593051053,0.0199095709034404,0.13752591239569184,0.13080826991400482
0.0019698056741372337,0.05341150271828174,0.020453618313556764,0.0013194994877533826,0.0012911712504676516,0.009570187293636238,0.08775912576047833,0.0019589971660672932,0.5354113212478308,0.023538535104269828,0.26331623598352066
0.0040494220190925865,0.14000234004894255,0.027942807804322504,0.002710684421236898,0.0026627291166346065,0.02453646180872515,0.1787540346102818,0.004029923715147479,0.028627407033025003,0.1077531919801322,0.47893099744245915
0.11803980238607842,0.016544189622329317,0.028274341950942975,0.3833752524555081,0.1297604060582581,0.01896733120421612,0.027712543878333183,0.005890479155660621,0.016004619733190235,0.1309323082071583,0.12449872534832453
0.003193983621837025,0.09827968625055584,0.022504679885707472,0.0021363369293789683,0.002097903790906136,0.016776060285123955,0.12459558311310107,0.003178195013055554,0.11393664473634053,0.0729370036188542,0.5403639227551393
0.003606972492043588,0.08030251731754816,0.033743791636974475,0.0024084852790505627,0.0023640425535998736,0.405682232613705,0.10929587746781662,0.0034981734467152124,0.01802494429756108,0.1750876560702377,0.16598530682474788
0.0017597302826445802,0.029489599168836218,0.025044716218066435,0.0011787778038311561,0.0011534707100095912,0.014383970087568454,0.043632182182495295,0.0017500744779067785,0.62835647418889,0.03244195692024425,0.22080904795950745
0.004349127047078515,0.08964664060580121,0.02280927295734769,0.002911299472389523,0.002859781177740771,0.029835621762060515,0.16461127405750373,0.004328153365775285,0.06336410446098314,0.10764212189153291,0.5076426032017867
0.0031654712437897037,0.07272277376923161,0.017473791972161323,0.002118961957687506,0.0020814648511476414,0.015499934687294985,0.08485198870021789,0.0031502057469846878,0.057990122453909915,0.1949568113809237,0.5459884732366511
0.002878740807109868,0.10208565200388917,0.03814865455317485,0.0019295210277544847,0.0018904747852522689,0.012174385657778203,0.4645826881607469,0.00279719275176773,0.02475411196602451,0.16672732754203787,0.18203125074446433
0.004014186358304435,0.07973795349967173,0.020672330475017868,0.0026870976584050426,0.002639559632327437,0.029675070047362754,0.1246524152350089,0.003994857716997727,0.05758987103273793,0.10831759575761929,0.5660190625865469
0.0047191083166822885,0.10917449711161034,0.07236417105816946,0.003158964409130109,0.0031030634409343126,0.07059633099602998,0.190165088426358,0.004696350399335173,0.03157791382213259,0.20577310533460494,0.30467140668501297
0.0031050502980988857,0.03768069536186649,0.35016188461349235,0.0020785162624004216,0.00204173488203948,0.02582438198204028,0.16878148460298945,0.003090076181528395,0.02529194363344625,0.08250785357576805,0.29943637860632993
0.003289254188845535,0.1154495839168171,0.06732921601588651,0.00220005987059621,0.0021604803433726057,0.014000709935904127,0.17079368844737594,0.0032729946353476907,0.10302179391574973,0.031731817538475336,0.486750401191629
0.004450041367316111,0.10855586757053926,0.15383648749434534,0.002978859143692458,0.002926159502050695,0.022851237118958704,0.16336880815876276,0.004428614047876663,0.050033061844916564,0.05641073479434885,0.43016012895719263
0.0028486226784577174,0.00307776672477721,0.024004902372172177,0.03893344847300964,0.0017262842509027285,0.0054654695154691185,0.00572503318888111,0.8904599174666898,0.004153598975621967,0.009640371644030626,0.013964584709987585
0.004495488439940778,0.07992983602266678,0.040680632122652584,0.0030092814289404924,0.002956043580067988,0.022396141522592727,0.27537851999666857,0.004473842289065319,0.025204334100086635,0.08941797683387877,0.4520579036634394
0.004123125908841404,0.10910099833044155,0.03866197940360429,0.002759987960644964,0.002711098790957628,0.026779151316156758,0.09884483758045393,0.004103129095458439,0.12416362362212686,0.0606857765153975,0.5280662914759167
0.0009430238390895356,0.014720616985770941,0.007409304260528106,0.0006313655710597489,0.0006177670435985069,0.007306992742617453,0.0306483676967613,0.0009380167059552131,0.8533889779879265,0.007569955803612814,0.07582561136307989
0.00347806177482109,0.11297794411255642,0.03557491342055544,0.0023282156872401604,0.002287026719765116,0.0220981676118444,0.1486113396574853,0.003461314617990911,0.042686462199080864,0.06702669928376791,0.5594698549148923
0.0011517852294807567,0.028819388676125143,0.006071620106922049,0.0007715502103787928,0.0007550078957665284,0.00815995718306182,0.037820159124728546,0.0011455167760507034,0.7668840384962335,0.010112323395918974,0.13830865290533317
0.003357878033784586,0.06605497568807955,0.12432749035153295,0.0022477370692673914,0.002207921678563205,0.026968675459914323,0.05939505591522696,0.0033415926081417787,0.06211556171907532,0.14999164143789706,0.4999914700385168
0.0033309638322115654,0.11477860606747566,0.017255847568332955,0.0022308042850360376,0.0021880566997224205,0.014525977842946373,0.19725487076652595,0.0033168149019540986,0.08941907638198113,0.03060972713613443,0.5250892545176794
0.003788345594615405,0.1171164340617669,0.12119210648783346,0.002535919777481365,0.0024910562720052818,0.028838646946909588,0.14343855583882487,0.0037701043953764397,0.020081439788498932,0.32999132100775413,0.22675606982893354
0.002442753643229425,0.051507743291268004,0.01807171601482407,0.00163372703233944,0.0016028514997189181,0.01254063060050899,0.07193715890793906,0.0024318861997885996,0.41290115347356804,0.027930888022427353,0.396999491314388
0.002807069877502016,0.12658205594786992,0.037745651898340754,0.0018775447067589399,0.0018437672933222043,0.02630287491659371,0.1522037329859251,0.002793193873938591,0.02666641741084063,0.18674588833107444,0.4344318027578337
0.0036009802202603925,0.11411910067881333,0.01573043112512878,0.002410497334735533,0.002367852704831507,0.01739757911219281,0.11989747412646147,0.0035836412008882668,0.03280972709896579,0.051176645435864254,0.6369060709618578
0.013214815586693261,0.009086016953329706,0.007620658035863767,0.005064517535539809,0.6750194620305947,0.0076895388140217945,0.013505016816310798,0.00279122794961549,0.02573789644655653,0.11275773155935642,0.1275131182721178
0.001869167137372261,0.055464129733807356,0.5861537277019213,0.001251063085028534,0.001228638357775995,0.00904928529526081,0.07567972608009858,0.0018598831660284125,0.03477403687050728,0.019262763284536712,0.21340757928766252
0.001944278022066267,0.04918653597177606,0.047817032725915296,0.0013003438033291626,0.0012757688243254233,0.012750713985655367,0.0786161766509604,0.0019356282216671933,0.5057371234120553,0.032327859079413254,0.2671085393028363
0.0039317029627434176,0.12818719050301175,0.021348207670886982,0.0026318832464954454,0.0025853220305255813,0.01770866465035839,0.19059304093244178,0.0039127714858491845,0.0748857636286949,0.03682334985413384,0.5173921030348587
0.003748345056964381,0.13258689676003702,0.02507142692425208,0.002507128688606882,0.002462024930518288,0.018103676834226003,0.1896728730459718,0.0037298161098283486,0.05766720985282887,0.08809558974760032,0.47635501204916597
0.004152874819301442,0.059858548314884276,0.038016820199078795,0.0027799079011507108,0.0027307310912277815,0.020123330920606034,0.19351466289571456,0.004132807131472383,0.07124552143912234,0.05149935020908955,0.5519454450783521
0.008300143069759581,0.003491348240883365,0.0037316617854500425,0.010813443702453502,0.0004968165815134036,0.0027389876816554678,0.006411701076127258,0.939572001596206,0.004653365847050589,0.007148161541366753,0.012642368877534093
0.003765264042217328,0.08930940686396063,0.016346475482927413,0.002520468978772701,0.002475878816719636,0.01929386641734732,0.12074723218271018,0.003747133982573609,0.06254691445621048,0.04322504429008641,0.6360223144864742
0.001040542624483958,0.01315162790343105,0.0042498323891346544,0.0006958234147728874,0.0006815655539304156,0.8353729513616,0.039042125010656584,0.0010350585598345636,0.006177213481728086,0.052505526726345515,0.04604773297408229
0.002312575687180196,0.04500842477759039,0.2609385147441126,0.001548019923672697,0.0015205990037966094,0.015262539682912198,0.06118790881214543,0.002301359889876658,0.02535817953666526,0.04465111080351483,0.5399107671385331
0.0044232293487725845,0.08473258883604029,0.02816225824646155,0.0029609111697284757,0.0029085290495774823,0.020367987607535037,0.1846881086753898,0.004401931131433258,0.028986874564995872,0.14015177815680327,0.4982158032132624
0.005581063918661462,0.07624650741960512,0.08340796325330757,0.0037359660087078416,0.0036698722257031634,0.026483674943577444,0.28046975915857225,0.005419270143868977,0.03866860097504921,0.21848667950970885,0.25783064244323806
0.003204623598876496,0.10737163740350214,0.025327741020662348,0.0021451760830176947,0.0021072253087849185,0.027490323848289908,0.23293595066662098,0.0031891930696143073,0.02004318928210384,0.18999159665816986,0.3861933430603575
0.0037294315986267385,0.1327360123693356,0.033857049308330604,0.0024976585496782927,0.002449785515769583,0.017457974074751675,0.3077592052167359,0.0037135624073757647,0.08665610762684554,0.05732954439641471,0.3518136689361355
0.003709036875077894,0.07337609637422045,0.07455489526850122,0.0024828304947380584,0.002438906203249825,0.39919750304574014,0.14327250125862712,0.003691177553922208,0.019600238378142617,0.18007764754692027,0.09759916700086015
0.0031266948162052954,0.12866814773687676,0.021550276054000072,0.0020913299483092946,0.002053706494634728,0.01645628561171677,0.3019880824060595,0.003111238831742941,0.06599024482736665,0.05470693216284347,0.40025706111024445
0.004636751091918233,0.1343786902782667,0.04048358969497241,0.0031038345997666137,0.0030489092075256974,0.02479442236100091,0.1559864764829098,0.004614390342592774,0.04659145195424332,0.12784214984180334,0.45451933414500023
0.0032477396223803178,0.09547310216701281,0.015876183726827628,0.0021749363376711898,0.00213304187240514,0.01574861591685852,0.29066933498387704,0.003233419440082596,0.17074978313059055,0.03213306920243035,0.36856077359986383
0.20013011980978324,0.026925212380298314,0.04818895272701501,0.08790386077194189,0.03610309921684298,0.031831431161205646,0.03675955516565917,0.010078721784927955,0.021918868951229943,0.18928604815790007,0.3108741298731957
0.0031094256882602824,0.170144440476657,0.043344296281368044,0.0020823966926783793,0.0020424203660168493,0.014312373399098454,0.3459318347030852,0.0030960487938537567,0.027819167010277084,0.028335669040226788,0.3597819275484782
0.0024941547781844394,0.05735552015595933,0.01629008355931048,0.0016681050324641503,0.0016365809471141492,0.011527403563871871,0.09716222684819695,0.0024830613571012656,0.40743174079895955,0.021040098921718133,0.3809110240371198
0.4704932041855528,0.017553558652621967,0.022125782020936253,0.0671857304622879,0.08586797860790572,0.0168158035639382,0.028602912799269464,0.006270946921885285,0.017511076105182048,0.18698128128178707,0.0805917253986333
0.34231274996466626,0.017164273545396062,0.02308099415578886,0.08819587214801743,0.16036152455081604,0.016721253489644584,0.029153827401523696,0.0064647983996210185,0.02535280612757167,0.22396574913564052,0.06722615108131379
0.17729585263528555,0.013461167663780348,0.014519826030514427,0.0372195764086926,0.38597843355861505,0.03281175224734661,0.021502622595145304,0.0056196985338009525,0.01246774586203084,0.1912191481601677,0.10790417630462044
0.1072504023663474,0.00422991935168667,0.00617749053457086,0.8057472438674358,0.0007886250902760667,0.0064236067711259765,0.008173908386640064,0.0026390473978909436,0.004458238316605844,0.03169398249051261,0.022417535426907755
0.0027913725792040006,0.03791365440699633,0.026685068195329443,0.0018685457155714503,0.001835488869023209,0.4810448387573841,0.12069984096823719,0.0027779318879851697,0.015650065176233657,0.23451411572741188,0.07421907771662356
0.006070934294656942,0.10126020813816601,0.032424236932621156,0.004055251846013858,0.003982909778351165,0.10888507638817788,0.14014866412411292,0.006039903684829064,0.08474618175404547,0.1437657671977414,0.368620865861284
0.0056410464438645756,0.12276787691623292,0.13055724778945726,0.0037757452253686266,0.0037083240861681406,0.03038176124097255,0.351764793666562,0.005475927497759834,0.03402593906152769,0.1409040462537279,0.17099729181835846
0.0030583809055980365,0.08181626513264317,0.021131466744785905,0.0020475985129597457,0.0020073592605837,0.014804305349840051,0.08858085230047777,0.0030410256271296483,0.31854854632536794,0.03850989613597006,0.42645430370464404
0.003983785097569065,0.0847683485639055,0.23760838376451812,0.0026667470445463776,0.0026195690455817736,0.029261109808020207,0.1691838950680729,0.003964602840862267,0.0217780403302832,0.19910626752508123,0.24505925091155936
0.0023518457808971226,0.057406795942222956,0.012526676876590707,0.0015743222276448964,0.0015464630543907897,0.011851054363559729,0.07987720056448204,0.002340503995902357,0.4141103634313419,0.02988387296570108,0.3865309007972664
0.0650260094410499,0.011482915866693642,0.027252779428124204,0.03571035412825703,0.6682388871381824,0.017339730606884044,0.022387476505709634,0.005590643272449935,0.012158345061687933,0.06004066214695278,0.0747721964040086
0.002653950443113878,0.07797886992405753,0.014883519604577835,0.0017765200487403628,0.001745061518780361,0.013271245729578864,0.0954979490088581,0.0026410519559547214,0.23704108688657272,0.03477748456778669,0.517733260311979
0.0029165684487475058,0.10314153485713423,0.31033036271725595,0.001953220199782861,0.001915688950387449,0.01327555580283047,0.12177350678815252,0.002903940130509402,0.10630933301406617,0.02359960124469887,0.31188068784643463
0.002291722835243295,0.04447139370263214,0.036607884064513825,0.001536044492730122,0.0015049270413671617,0.010356493823020148,0.7027331590723944,0.0022262109344311706,0.04856818126760771,0.027175107761679553,0.1225288750043803
0.004534447915882035,0.09041965180057582,0.18319199512710943,0.0030353609148512212,0.002981661688150696,0.024385095758505584,0.20705827585887776,0.004402995301183004,0.02259303238905925,0.1959282750879345,0.26146920815787067
0.18537846203611827,0.011301642166512086,0.00959247366455978,0.027507280235421764,0.5651334204506044,0.010318826478548756,0.012942536252812987,0.0027369612390385854,0.006858953240395287,0.11203878078164489,0.05619066345434312
0.0038605509916842876,0.10627403604409195,0.018318889610962882,0.0025842540938457786,0.002538535495520879,0.2094343337015666,0.1501904690487017,0.0038419621174507457,0.09826711221156832,0.18010988236641956,0.22457997431818724
0.004733220009882144,0.07283965903863512,0.02561753298416599,0.003168419019450423,0.003112365833031877,0.10097111473434363,0.19683973218823084,0.00471042916171749,0.02517815894872046,0.27612412351307,0.286705244568752
